384 240
P 36 12 12 24
W 12 228 24 21
W 36 228 24 21
W 60 228 24 21
W 84 228 24 21
W 108 228 24 21
W 132 228 24 21
W 156 228 24 21
W 180 228 24 21
W 204 228 24 21
W 228 228 24 21
W 252 228 24 21
W 276 228 24 21
W 300 228 24 21
W 324 228 24 21
W 348 228 24 21
W 372 228 24 21
W 12 180 24 21
W 36 180 24 21
W 60 180 24 21
W 84 180 24 21
W 108 180 24 21
W 132 180 24 21
W 132 132 24 21
W 156 132 24 21
W 180 132 24 21
W 204 132 24 21
W 252 132 24 21
W 12 36 24 21
W 36 36 24 21
W 60 36 24 21
W 84 36 24 21
W 108 36 24 21
W 132 36 24 21
W 156 36 24 21
W 276 132 24 21
W 300 132 24 21
