528 312
P 108 12 12 24
W 12 300 24 21
W 36 300 24 21
W 60 300 24 21
W 84 300 24 21
W 108 300 24 21
W 132 300 24 21
W 156 300 24 21
W 180 300 24 21
W 204 300 24 21
W 228 300 24 21
W 252 300 24 21
W 276 300 24 21
W 300 300 24 21
W 324 300 24 21
W 348 300 24 21
W 372 300 24 21
W 396 300 24 21
W 420 300 24 21
W 444 300 24 21
W 468 300 24 21
W 492 300 24 21
W 516 300 24 21
W 276 204 24 21
W 300 204 24 21
W 324 204 24 21
W 348 204 24 21
W 372 204 24 21
W 396 204 24 21
W 420 204 24 21
W 444 204 24 21
W 468 204 24 21
W 492 204 24 21
W 516 204 24 21
W 36 84 24 21
W 60 84 24 21
W 84 84 24 21
W 108 84 24 21
W 132 84 24 21
W 156 84 24 21
W 180 84 24 21
W 204 84 24 21
W 228 84 24 21
W 252 84 24 21
W 276 84 24 21
W 300 84 24 21
