672 384
P 60 60 12 24
B 228 244 24 3
B 276 244 24 3
B 300 244 24 3
B 252 244 24 3
B 324 244 24 3
B 348 244 24 3
B 372 244 24 3
B 396 244 24 3
B 420 244 24 3
B 444 244 24 3
B 468 244 24 3
B 492 244 24 3
B 516 244 24 3
B 564 220 24 3
B 612 220 24 3
B 588 220 24 3
B 60 196 24 3
B 60 220 24 3
B 84 220 24 3
B 108 220 24 3
B 324 100 24 3
B 372 100 24 3
B 420 100 24 3
B 468 100 24 3
B 444 100 24 3
B 396 100 24 3
B 348 100 24 3
E 612 324 12 24
W 12 12 24 21
W 36 12 24 21
W 60 12 24 21
W 396 12 24 21
W 660 12 24 21
W 636 12 24 21
W 612 12 24 21
W 588 12 24 21
W 564 12 24 21
W 540 12 24 21
W 516 12 24 21
W 492 12 24 21
W 468 12 24 21
W 348 12 24 21
W 300 12 24 21
W 252 12 24 21
W 84 12 24 21
W 108 12 24 21
W 132 12 24 21
W 156 12 24 21
W 180 12 24 21
W 204 12 24 21
W 228 12 24 21
W 276 12 24 21
W 324 12 24 21
W 420 12 24 21
W 444 12 24 21
W 372 12 24 21
W 12 36 24 21
W 12 60 24 21
W 12 108 24 21
W 12 132 24 21
W 12 84 24 21
W 12 156 24 21
W 12 180 24 21
W 12 204 24 21
W 12 228 24 21
W 12 252 24 21
W 12 276 24 21
W 12 300 24 21
W 12 324 24 21
W 12 348 24 21
W 12 372 24 21
W 36 372 24 21
W 60 372 24 21
W 84 372 24 21
W 108 372 24 21
W 132 372 24 21
W 156 372 24 21
W 180 372 24 21
W 204 372 24 21
W 228 372 24 21
W 252 372 24 21
W 276 372 24 21
W 300 372 24 21
W 324 372 24 21
W 348 372 24 21
W 372 372 24 21
W 396 372 24 21
W 420 372 24 21
W 444 372 24 21
W 468 372 24 21
W 636 372 24 21
W 612 372 24 21
W 588 372 24 21
W 564 372 24 21
W 540 372 24 21
W 516 372 24 21
W 492 372 24 21
W 660 36 24 21
W 660 84 24 21
W 660 108 24 21
W 660 180 24 21
W 660 204 24 21
W 660 60 24 21
W 660 156 24 21
W 660 132 24 21
W 660 228 24 21
W 660 252 24 21
W 660 276 24 21
W 660 372 24 21
W 660 348 24 21
W 660 324 24 21
W 660 300 24 21
W 36 108 24 21
W 60 108 24 21
W 84 108 24 21
W 108 108 24 21
W 132 108 24 21
W 252 108 24 21
W 156 108 24 21
W 180 108 24 21
W 108 156 24 21
W 132 156 24 21
W 180 156 24 21
W 204 156 24 21
W 228 156 24 21
W 252 156 24 21
W 276 156 24 21
W 300 156 24 21
W 324 156 24 21
W 348 156 24 21
W 372 156 24 21
W 420 156 24 21
W 444 156 24 21
W 252 228 24 21
W 276 228 24 21
W 300 228 24 21
W 324 228 24 21
W 348 228 24 21
W 396 228 24 21
W 132 228 24 21
W 204 276 24 21
W 132 252 24 21
W 132 276 24 21
W 132 300 24 21
W 372 228 24 21
W 420 228 24 21
W 492 228 24 21
W 516 228 24 21
W 444 228 24 21
W 468 228 24 21
W 36 276 24 21
W 60 276 24 21
G 420 212 9 9
G 252 356 9 9
G 396 356 9 9
G 132 212 9 9
L 156 228 12 24
L 156 252 12 24
L 156 276 12 24
L 156 300 12 24
L 156 324 12 24
L 156 348 12 24
L 36 204 12 24
L 36 228 12 24
L 564 348 12 24
L 540 348 12 24
L 540 324 12 24
L 540 300 12 24
L 540 276 12 24
L 540 252 12 24
L 540 228 12 24
L 468 204 12 24
L 468 180 12 24
L 468 156 12 24
L 468 132 12 24
