600 480
P 372 444 12 24
B 468 196 24 3
B 444 196 24 3
B 420 196 24 3
B 396 196 24 3
B 348 244 24 3
B 372 244 24 3
B 396 244 24 3
B 420 244 24 3
B 444 244 24 3
B 468 244 24 3
B 60 172 24 3
B 84 172 24 3
B 108 172 24 3
B 132 172 24 3
B 156 172 24 3
B 420 52 24 3
B 444 52 24 3
B 468 52 24 3
B 492 52 24 3
B 516 52 24 3
B 108 364 24 3
B 132 364 24 3
B 156 364 24 3
B 180 364 24 3
B 204 364 24 3
B 372 316 24 3
B 396 316 24 3
B 420 316 24 3
B 444 316 24 3
B 468 316 24 3
B 372 340 24 3
B 396 340 24 3
B 420 340 24 3
B 444 340 24 3
B 468 340 24 3
E 132 60 12 24
W 12 468 24 21
W 36 468 24 21
W 60 468 24 21
W 84 468 24 21
W 108 468 24 21
W 132 468 24 21
W 156 468 24 21
W 180 468 24 21
W 204 468 24 21
W 228 468 24 21
W 252 468 24 21
W 276 468 24 21
W 300 468 24 21
W 324 468 24 21
W 348 468 24 21
W 12 348 24 21
W 36 348 24 21
W 60 348 24 21
W 108 348 24 21
W 132 348 24 21
W 156 348 24 21
W 180 348 24 21
W 204 348 24 21
W 12 276 24 21
W 60 276 24 21
W 84 276 24 21
W 108 276 24 21
W 132 276 24 21
W 156 276 24 21
W 180 276 24 21
W 588 252 24 21
W 540 252 24 21
W 516 252 24 21
W 492 252 24 21
W 492 228 24 21
W 516 228 24 21
W 540 228 24 21
W 588 228 24 21
W 588 204 24 21
W 588 180 24 21
W 540 204 24 21
W 516 204 24 21
W 492 204 24 21
W 492 180 24 21
W 540 180 24 21
W 516 180 24 21
W 12 84 24 21
W 60 84 24 21
W 84 84 24 21
W 108 84 24 21
W 132 84 24 21
W 156 84 24 21
W 180 84 24 21
W 204 84 24 21
W 228 84 24 21
W 252 84 24 21
W 204 276 24 21
W 12 108 24 21
W 60 108 24 21
W 84 108 24 21
W 108 108 24 21
W 108 132 24 21
W 108 156 24 21
W 84 156 24 21
W 60 156 24 21
W 12 156 24 21
W 12 132 24 21
W 60 132 24 21
W 84 132 24 21
W 372 468 24 21
W 396 468 24 21
W 420 468 24 21
W 444 468 24 21
W 468 468 24 21
W 492 468 24 21
W 516 468 24 21
W 540 468 24 21
W 564 468 24 21
W 588 468 24 21
L 564 444 12 24
L 564 420 12 24
L 564 396 12 24
L 564 372 12 24
L 564 348 12 24
L 564 324 12 24
L 564 300 12 24
L 564 276 12 24
L 564 252 12 24
L 228 444 12 24
L 228 420 12 24
L 228 396 12 24
L 228 372 12 24
L 228 348 12 24
L 252 324 12 24
L 276 300 12 24
L 300 276 12 24
L 300 228 12 24
L 300 252 12 24
L 300 204 12 24
L 300 180 12 24
L 276 180 12 24
L 252 180 12 24
L 228 180 12 24
L 204 180 12 24
L 180 180 12 24
L 180 156 12 24
L 180 108 12 24
L 180 132 12 24
L 276 252 12 24
L 252 228 12 24
L 564 228 12 24
L 564 204 12 24
L 564 180 12 24
L 204 108 12 24
L 228 108 12 24
L 252 108 12 24
L 276 108 12 24
L 276 84 12 24
L 300 300 12 24
L 228 204 12 24
L 324 156 12 24
L 348 132 12 24
L 372 108 12 24
L 396 84 12 24
L 420 108 12 24
L 444 132 12 24
L 468 156 12 24
