360 240
P 180 204 12 24
B 36 52 24 3
B 60 52 24 3
B 84 52 24 3
B 108 52 24 3
B 132 52 24 3
B 156 52 24 3
B 180 52 24 3
B 204 52 24 3
B 228 52 24 3
B 252 52 24 3
B 276 52 24 3
B 300 52 24 3
B 324 52 24 3
E 252 108 12 24
E 108 108 12 24
W 12 228 24 21
W 36 228 24 21
W 60 228 24 21
W 84 228 24 21
W 108 228 24 21
W 132 228 24 21
W 156 228 24 21
W 180 228 24 21
W 204 228 24 21
W 228 228 24 21
W 252 228 24 21
W 276 228 24 21
W 300 228 24 21
W 324 228 24 21
W 348 228 24 21
W 108 156 24 21
W 132 156 24 21
W 156 156 24 21
W 180 156 24 21
W 204 156 24 21
W 228 156 24 21
W 252 156 24 21
W 252 132 24 21
W 108 132 24 21
W 156 108 24 21
W 180 108 24 21
W 204 84 24 21
W 204 108 24 21
W 156 84 24 21
G 180 140 9 9
G 36 212 9 9
G 324 212 9 9
G 180 92 9 9
G 132 212 9 9
G 228 212 9 9
L 276 204 12 24
L 276 180 12 24
L 276 156 12 24
L 276 132 12 24
L 84 132 12 24
L 84 156 12 24
L 84 180 12 24
L 84 204 12 24
L 132 132 12 24
L 228 132 12 24
L 228 108 12 24
L 228 84 12 24
L 132 84 12 24
L 132 108 12 24
L 348 204 12 24
L 348 180 12 24
L 348 156 12 24
L 348 132 12 24
L 348 108 12 24
L 348 84 12 24
L 348 60 12 24
L 348 36 12 24
L 348 12 12 24
L 12 204 12 24
L 12 180 12 24
L 12 156 12 24
L 12 132 12 24
L 12 108 12 24
L 12 12 12 24
L 12 36 12 24
L 12 60 12 24
L 12 84 12 24
